-10  -10.001408
-9.5  -9.50129408
-9  -9.00120384
-8.5  -8.50110848
-8  -8.00101632
-7.5  -7.500928
-7  -7.00086272
-6.5  -6.50077056
-6  -6.00068864
-5.5  -5.50061184
-5  -5.00054464
-4.5  -4.5004896
-4  -4.00043392
-3.5  -3.5003664
-3  -3.00031168
-2.5  -2.50024912
-2  -2.0001872
-1.5  -1.50012816
-1  -1.00007512
-0.5  -0.50001472
0  1.93174304E-05
0.5  0.500074688
1  1.000108
1.5  1.50014352
2  2.00018256
2.5  2.50021808
3  3.0002704
3.5  3.50030304
4  4.00033248
4.5  4.50036992
5  5.00042016
5.5  5.50046912
6  6.00051264
6.5  6.50054528
7  7.0005888
7.5  7.50060928
8  8.00065984
8.5  8.5007008
9  9.00073984
9.5  9.50074688
10  10.000756
