-10  -10.0004448
-9.5  -9.50054464
-9  -9.00058432
-8.5  -8.50057984
-8  -8.000576
-7.5  -7.50056064
-7  -7.000528
-6.5  -6.50050176
-6  -6.00048
-5.5  -5.50044608
-5  -5.00042784
-4.5  -4.50041248
-4  -4.00038112
-3.5  -3.500344
-3  -3.00032384
-2.5  -2.50030448
-2  -2.00026912
-1.5  -1.50023888
-1  -1.000206
-0.5  -0.500162368
0  -0.00015458368
0.5  0.499870656
1  0.999888
1.5  1.49990416
2  1.99992208
2.5  2.49993712
3  2.99995072
3.5  3.49994976
4  3.9999456
4.5  4.4999424
5  4.99991808
5.5  5.49990848
6  5.99988992
6.5  6.4998656
7  6.99984832
7.5  7.49982336
8  7.99978176
8.5  8.4997728
9  8.99975488
9.5  9.49968448
10  9.99966592
