-10  -10.0004624
-9.5  -9.5005568
-9  -9.00057408
-8.5  -8.50058752
-8  -8.0006112
-7.5  -7.50058048
-7  -7.00057088
-6.5  -6.50055808
-6  -6.00055168
-5.5  -5.50051712
-5  -5.0004816
-4.5  -4.50046816
-4  -4.00042784
-3.5  -3.50038624
-3  -3.00036256
-2.5  -2.50033168
-2  -2.00029328
-1.5  -1.50025392
-1  -1.0002192
-0.5  -0.500176672
0  -0.000163207232
0.5  0.499865792
1  0.99988384
1.5  1.49990896
2  1.99992624
2.5  2.49993712
3  2.99996128
3.5  3.49995168
4  3.99994336
4.5  4.49991904
5  4.99992576
5.5  5.4999008
6  5.99989248
6.5  6.49987776
7  6.99986944
7.5  7.49982016
8  7.9997856
8.5  8.49976128
9  8.9997408
9.5  9.49968832
10  9.99967104
