-10  -9.99698752
-9.5  -9.49712
-9  -8.99725824
-8.5  -8.49739392
-8  -7.9975392
-7.5  -7.49766272
-7  -6.9978112
-6.5  -6.49795136
-6  -5.99809024
-5.5  -5.49824704
-5  -4.9984064
-4.5  -4.4985456
-4  -3.99868032
-3.5  -3.49883264
-3  -2.99897152
-2.5  -2.49911696
-2  -1.999268
-1.5  -1.49942112
-1  -0.999557952
-0.5  -0.499706496
0  0.00014182968
0.5  0.499993472
1  0.99984736
1.5  1.49967232
2  1.9995152
2.5  2.49937488
3  2.99921056
3.5  3.49907072
4  3.99890496
4.5  4.49875584
5  4.99859712
5.5  5.49845184
6  5.99828864
6.5  6.49812928
7  6.99801408
7.5  7.49784704
8  7.99772416
8.5  8.49755968
9  8.9974144
9.5  9.49725504
10  9.99710912
