-10  -9.9972064
-9.5  -9.49819584
-9  -8.99899584
-8.5  -8.49876032
-8  -7.99863936
-7.5  -7.49859008
-7  -6.99863488
-6.5  -6.49865856
-6  -5.99872192
-5.5  -5.49872704
-5  -4.99877408
-4.5  -4.4988736
-4  -3.99896768
-3.5  -3.49903232
-3  -2.99905696
-2.5  -2.49916432
-2  -1.99915408
-1.5  -1.49916816
-1  -0.999212096
-0.5  -0.499275488
0  0.000615491008
0.5  0.500541152
1  1.00046072
1.5  1.50034896
2  2.00023984
2.5  2.50009424
3  2.99998368
3.5  3.4998752
4  3.99979264
4.5  4.49969472
5  4.99959936
5.5  5.4995488
6  5.99950912
6.5  6.49950912
7  6.99960448
7.5  7.49982336
8  8.0000992
8.5  8.50045696
9  9.00076288
9.5  9.50119232
10  10.0014976
